-18,-35 57,-9
40,39 83,-2
-13,63 88,-67
82,-67 13,-26
-90,-52 22,16
-97,91 65,-64
93,46 19,-15
9,57 -73,13
-8,38 42,0
8,-7 69,-73
78,-88 -23,-93
68,60 -8,-80
51,-55 27,-67
-62,-84 -79,62
-77,50 68,10
-78,9 -95,-21
-26,-94 7,43
-70,-96 -28,21
-95,37 1,28
-69,90 8,45
-55,49 51,48
26,-96 52,-15
30,68 18,33
45,-45 92,72
-92,-67 82,-50
-97,58 66,16
68,90 31,-39
-3,57 -37,-56
0,-65 -28,31
-55,96 -67,-69
-64,-15 -69,-63
-47,-44 54,93
-44,-19 33,74
87,-9 -22,-79
92,70 -45,-79
28,-44 38,92
79,-63 -82,-76
-52,-23 10,-31
-76,-29 57,39
74,-84 92,-61
-5,-51 14,25
-18,-74 -48,-94
24,-26 96,53
57,4 22,-63
-75,37 -5,-19
46,15 -5,-17
67,55 4,55
81,36 73,-89
-76,41 -53,-96
0,-13 -92,-51
-99,-96 28,52
46,91 -49,-62
72,28 50,10
14,-2 -37,-91
72,-52 -90,66
-11,-16 -48,12
-29,18 -1,90
25,20 -36,11
30,88 -63,-45
91,18 78,-30
31,49 -23,29
50,47 82,-36
-72,-29 44,65
-41,-9 84,73
85,-72 74,-14
54,-53 16,-38
-53,62 -58,81
-45,-35 26,7
33,78 -54,-25
-79,-87 -3,25
-32,72 -76,78
-11,83 -26,-64
-79,-45 -73,-96
-52,-75 52,61
-49,-80 -30,-38
-53,95 94,38
-55,-16 27,42
56,-20 67,-72
16,68 68,-93
65,54 39,-59
54,73 100,24
35,79 -29,6
-25,-35 -25,66
24,-87 -47,-46
72,93 16,26
-22,21 7,-3
-45,59 68,-29
90,-32 4,-68
-17,48 -86,-59
81,33 -1,54
-49,-63 -46,-12
63,83 -95,-34
-15,-7 -17,-96
68,32 -83,52
20,8 -24,15
92,-58 3,-89
-36,33 -6,1
3,-47 -98,93
-72,76 88,-26
56,98 95,-30
72,-19 15,-68
-57,-37 -6,5
-24,78 -58,-57
-88,30 -36,95
73,-73 -94,-41
-79,45 52,-93
-55,-12 -85,9
-6,-47 67,-99
26,90 -52,22
-83,-34 -5,-55
-95,64 94,80
-90,-96 -99,32
33,54 -16,93
14,33 98,-92
96,21 39,-88
29,43 -23,-100
43,73 -11,85
-99,79 71,60
-93,-76 54,-24
-13,4 33,22
29,-64 36,51
-61,-92 61,60
67,51 -46,-99
-18,-32 25,83
-14,-97 47,-72
-60,-13 32,-69
-39,13 -2,90
77,-12 -9,-48
-11,-28 -10,-37
-9,-28 18,15
70,58 -38,15
-97,44 -19,-39
-12,-4 -39,77
64,37 14,49
-1,-22 77,-91
-38,44 -23,-87
-39,71 58,-95
-70,-83 -53,17
88,-77 0,19
51,42 44,61
19,40 -34,-85
-49,-41 -42,-59
78,-78 -50,-21
-64,49 -13,-67
67,-61 9,25
-33,-19 5,-45
94,-41 57,30
14,87 -95,96
-34,-90 80,-66
-54,-75 67,43
21,-52 -97,53
84,60 58,-48
-66,48 8,-97
77,-58 -4,42
76,-3 47,-79
84,-42 -60,-58
-37,87 46,-29
38,91 -26,56
-19,-48 -89,-77
92,38 18,17
94,24 -74,-70
-33,82 91,96
-50,6 -34,-25
67,-88 95,99
-38,74 -54,-86
18,24 -27,70
-31,-37 -32,-15
25,45 0,-50
-63,88 -32,-59
-61,-11 -99,96
-67,100 8,63
-85,-65 -43,31
-26,-96 50,-8
-85,53 24,-20
-33,-42 92,-84
-8,98 67,37
-18,12 16,-50
35,74 66,-88
50,76 -21,60
63,95 -34,-27
19,-30 -75,-16
15,54 55,-67
79,54 41,-81
15,94 1,76
-31,61 -80,-65
24,78 -16,44
-18,-18 51,-96
26,-69 51,-36
32,-91 -47,8
19,53 45,87
66,-64 -20,80
89,31 -30,63
-17,67 95,-9
42,14 53,4
-16,83 33,-60
-18,-56 -100,85
10,100 -64,-80
-88,-93 -14,48
29,-88 2,-7
99,6 -63,7
21,-49 -40,81
-52,-36 -37,-3
-53,-13 71,72
1,-56 -80,-33
85,-93 56,69
-6,37 69,-3
4,-82 -41,13
20,54 -75,58
47,38 33,96
-66,-91 -30,67
31,-23 55,-85
-94,55 -54,24
84,34 -52,2
-13,99 4,57
-55,-38 4,15
-98,-25 15,6
-27,29 -6,87
-89,75 -68,-76
98,-88 -60,9
-81,31 -95,-84
-2,80 -73,-62
24,20 -74,-16
-98,21 93,56
81,-43 -10,-41
74,-41 -57,-49
-34,-22 -35,34
6,-77 -42,-65
74,24 19,29
-95,-81 30,-25
-40,9 -60,82
81,11 -49,55
-44,-98 -55,-82
25,75 -71,79
-73,63 -80,-55
22,-83 -91,99
-12,-26 1,64
-74,-1 24,61
67,-10 90,72
-55,-99 67,-30
-27,51 -55,96
-67,65 4,65
94,-5 68,-62
-67,-2 -13,-25
59,-24 56,49
-82,0 30,-70
-43,92 -23,37
77,38 82,63
-60,-50 -35,-37
-62,-6 -7,23
29,-55 -90,59
-46,3 43,33
-39,0 47,-10
-42,-90 -13,53
-84,-71 -20,-91
-40,24 -85,93
69,-83 21,54
67,50 -47,47
100,91 89,-25
56,-19 -35,72
41,26 -67,-5
-72,-31 6,35
96,76 75,72
11,-58 -25,69
-34,-78 64,50
-67,81 -70,26
-95,68 -38,89
-86,72 -19,-86
-69,-37 -13,-47
-100,14 -14,3
82,28 63,81
-33,90 84,-7
2,13 -56,67
-91,-69 32,58
33,-50 40,95
-29,-77 -36,52
94,-2 -87,-80
70,93 -26,41
88,5 48,-83
-18,-11 -8,-80
-28,56 80,88
96,-3 36,-93
-66,-11 -50,-31
28,-15 -41,1
-64,57 -8,-80
10,86 73,-75
-3,-35 -97,60
84,-97 -90,77
-34,66 63,100
-62,61 96,15
15,-22 -4,-71
32,41 -72,-9
-59,-37 57,-23
31,-11 -65,81
-17,38 -49,28
13,-36 64,41
-48,27 -37,66
-70,100 -67,37
93,-9 10,-39
-80,-53 53,63
-37,69 -83,-39
-29,0 -58,-71
83,-54 61,18
-22,-74 63,-82
20,35 29,56
-43,61 66,56
-32,23 6,-55
50,93 42,-69
67,93 86,14
-92,14 11,-27
11,-73 88,-8
-58,38 -4,95
59,43 37,26
-41,82 -42,29
-53,47 24,50
85,-58 71,18
-8,84 3,-12
-27,-77 56,64
-55,-49 -30,-86
25,88 -52,97
10,73 87,-43
-4,91 -74,28
-11,8 -16,35
-60,-56 -53,27
-66,-95 41,18
26,-10 -99,-27
23,-26 -20,21
33,3 36,-56
-74,90 -64,-51
-14,-89 -61,55
100,54 39,-16
24,66 73,34
56,75 -42,7
-45,73 22,54
-43,60 -64,-43
38,-74 -82,74
82,34 37,-95
-75,57 81,-21
-78,99 60,-41
11,-23 69,39
58,-31 19,-59
26,25 -93,19
81,58 -82,-59
68,92 -48,-43
66,29 74,73
93,90 -70,-10
-14,74 -20,87
94,-6 22,-18
-12,-69 -88,9
44,-60 29,-81
-3,81 37,71
-87,42 46,80
-90,57 -38,55
-58,-21 21,-85
-27,-19 44,35
57,21 6,68
15,-80 61,-39
-57,-77 73,-16
40,46 7,22
72,66 -34,86
-91,-54 18,-36
71,-61 44,79
83,-65 27,56
-58,-8 20,85
-83,33 -95,93
6,56 -50,-69
52,90 -92,93
-2,49 70,21
18,-35 -40,50
-61,16 44,92
-48,-62 -43,-92
82,7 37,63
-88,82 86,10
45,-55 55,21
-78,-63 -72,-45
-29,18 16,30
71,-51 56,-21
66,-55 -97,-50
32,87 -52,58
37,-81 1,40
57,-57 -75,-72
57,71 47,78
64,-95 14,47
-69,-72 14,-41
-81,42 -53,19
17,-77 -56,32
54,61 53,-73
-63,-83 -59,-60
-57,65 -84,38
97,82 16,81
82,84 -48,-19
26,-82 -88,39
-28,-64 42,96
-9,-6 52,13
1,80 33,-42
-88,-4 -41,67
-45,19 59,8
9,40 -2,-59
34,96 -92,-29
-45,46 14,79
25,69 1,45
66,-7 24,67
80,13 68,14
70,16 -11,-44
99,0 -73,28
-97,74 -84,7
-5,-25 41,47
7,97 54,2
-87,19 20,-25
43,-31 75,50
34,12 9,14
-86,16 94,92
-31,68 -43,65
52,-21 9,2
13,-84 -51,-34
-20,-58 -7,91
-28,-50 45,49
-14,100 72,79
-25,-25 23,71
96,49 -56,97
79,-85 82,56
-76,-9 -60,-6
-6,-14 38,-94
6,-39 66,-70
-85,0 -42,-83
-45,70 99,14
20,79 14,-30
22,24 64,37
-93,-4 -10,-46
42,17 33,11
10,86 -64,10
-85,-46 -21,43
-95,20 60,-36
17,36 -76,-71
51,-2 -25,-70
16,73 7,-52
76,-19 -90,-48
-51,19 -88,-70
43,-66 7,-21
-27,41 -95,96
-52,-72 31,-8
34,90 50,8
66,-8 59,82
73,-77 97,33
-17,-8 22,75
0,34 29,97
-59,-92 -13,-52
-72,-20 -33,-93
51,15 6,-78
-75,81 31,82
-24,-6 -12,-53
-83,-42 74,-79
81,42 -56,65
9,35 25,-29
100,90 30,61
-56,84 31,45
42,-85 90,-3
50,-12 38,-52
-5,-18 -90,-26
3,58 0,-61
-68,72 22,54
-71,80 -66,-11
-55,-61 68,60
56,27 13,-76
-66,19 18,-94
-97,55 46,-46
75,45 -23,53
11,-17 95,-85
-58,70 1,-74
15,83 26,59
57,-82 45,23
39,50 -8,-59
43,79 -72,-14
-11,-27 66,49
89,-55 1,97
-57,-7 -46,-65
29,63 100,-31
-25,-14 -59,23
-82,-10 10,-79
-63,-41 56,77
55,-9 70,-48
84,-52 97,-63
-5,-98 58,14
56,14 -89,-87
62,-17 -75,-62
28,-55 -7,-59
26,45 -81,-69
-63,35 49,-87
-47,-74 97,21
-53,81 24,77
-92,98 40,-71
27,-80 -37,79
95,94 86,91
-26,-76 57,75
11,70 74,82
-92,94 -33,-47
-98,32 5,-90
-43,-9 -10,-6
-71,-60 -69,67
-34,-68 94,-39
84,-16 93,-56
