9,53 67,41
59,23 84,63
45,51 50,83
34,67 46,4
8,77 12,24
95,73 68,80
64,14 48,76
38,28 37,30
46,93 54,59
71,68 98,12
90,4 36,67
1,65 64,64
34,55 60,5
33,90 52,87
52,72 67,58
30,40 62,99
23,79 42,67
2,32 16,34
12,68 77,54
25,57 40,51
39,7 43,12
29,7 33,1
73,11 33,30
93,42 76,91
13,97 63,71
34,50 35,59
43,19 33,31
72,30 51,97
39,41 21,58
71,73 70,70
40,22 32,45
52,80 95,28
27,12 79,98
84,15 70,64
41,69 72,69
6,24 73,92
85,49 20,64
69,98 27,42
2,45 22,81
49,31 1,91
88,37 47,68
71,92 6,73
2,26 29,26
72,58 58,31
99,18 99,83
52,97 28,10
69,79 65,100
12,78 66,18
11,31 86,2
96,48 61,49
32,56 1,13
26,25 59,11
64,50 36,21
100,96 88,45
45,31 78,95
72,71 97,16
77,97 6,95
28,19 14,30
62,33 12,53
73,79 63,54
53,91 3,59
75,23 40,59
55,85 82,31
81,14 20,15
19,92 46,30
45,5 38,62
52,91 68,50
61,74 11,27
34,75 63,70
70,6 41,1
50,68 80,61
32,77 47,30
9,89 69,45
57,44 23,57
16,26 28,82
21,24 38,94
57,89 28,60
58,77 20,18
9,61 37,77
36,85 4,52
22,49 90,28
17,29 42,47
84,42 44,52
69,31 9,16
96,85 91,61
16,43 18,79
33,93 49,36
62,63 28,69
39,35 8,39
55,41 63,77
67,47 18,75
20,94 17,67
84,12 75,68
60,7 22,11
18,24 24,94
33,89 28,55
9,37 51,69
57,45 18,90
56,14 95,17
51,35 65,68
39,16 60,47
91,82 1,0
26,9 100,55
45,6 58,48
63,48 13,23
43,43 37,68
77,77 64,43
5,43 44,75
87,90 89,60
22,34 38,57
8,72 44,84
66,92 78,94
60,24 99,32
90,0 94,32
14,63 48,22
25,60 56,96
21,72 40,31
60,81 62,65
53,46 56,1
77,45 25,14
81,31 65,67
62,79 20,99
2,86 14,96
24,44 32,59
11,40 69,40
55,42 76,30
29,9 63,13
81,83 9,11
95,75 95,30
10,7 98,74
12,12 55,14
3,72 30,0
66,39 80,82
50,7 61,49
76,37 100,22
39,94 7,48
68,33 87,80
45,66 19,41
39,33 19,77
73,73 42,57
19,69 74,23
83,40 81,25
63,73 96,1
91,37 56,30
31,9 76,22
89,97 84,14
9,23 17,47
63,50 36,34
61,97 51,34
90,80 96,80
9,13 68,73
38,26 77,77
3,49 92,80
88,55 77,73
81,50 33,67
57,34 36,11
42,0 78,20
75,71 14,59
68,37 53,26
18,30 92,16
91,55 53,55
75,65 18,34
46,22 58,17
47,26 51,37
73,53 97,86
80,52 2,39
87,1 28,3
26,19 67,99
73,96 79,20
79,87 23,66
72,85 33,63
95,97 23,81
51,28 6,96
18,43 93,39
36,64 50,10
67,65 88,59
82,96 54,23
76,65 31,28
65,16 77,0
77,1 85,3
91,70 53,18
41,57 30,72
18,0 38,9
56,72 83,83
6,79 28,89
75,12 21,6
28,5 96,72
65,65 35,68
7,45 11,16
59,98 63,93
92,30 65,63
86,11 62,16
0,64 57,66
64,10 80,66
17,0 61,45
13,39 77,70
14,72 89,61
3,10 65,21
3,84 49,13
4,67 92,17
56,67 52,69
27,94 96,39
95,63 88,91
39,39 22,5
38,18 17,53
24,40 47,54
100,62 5,21
93,94 93,85
86,61 62,53
65,39 7,51
89,85 6,21
10,65 81,86
4,70 7,97
17,90 12,68
74,13 44,92
38,15 13,56
47,10 44,41
90,25 40,78
56,71 33,77
26,45 53,86
99,90 22,81
27,9 37,78
96,15 89,18
52,12 81,50
64,79 54,87
15,3 94,68
31,62 16,12
24,24 34,99
87,30 81,17
5,87 86,34
99,52 72,22
14,10 0,67
59,100 73,73
27,30 83,22
94,98 77,38
12,17 77,78
0,2 63,73
57,59 99,39
66,84 83,44
98,42 37,63
11,0 2,28
35,47 43,56
84,98 3,68
2,98 7,26
65,92 2,87
85,54 90,83
9,25 52,35
43,39 56,29
53,82 85,82
67,57 12,79
6,33 40,8
99,61 40,72
88,21 62,85
72,98 62,57
47,48 21,17
53,45 66,90
53,16 60,42
61,60 71,100
79,68 65,79
67,9 72,58
68,26 49,52
33,8 26,10
59,12 64,26
43,88 82,61
30,26 100,58
35,0 26,94
18,67 33,39
9,74 51,93
35,63 56,31
3,11 93,44
66,51 16,87
52,64 10,41
9,48 68,60
63,97 12,17
48,42 53,86
55,20 7,44
33,97 40,47
80,70 38,8
76,6 11,51
18,31 18,41
46,57 99,51
45,13 18,57
88,67 78,67
47,33 0,36
7,60 75,34
72,69 77,50
49,65 36,22
98,71 10,36
84,72 11,44
90,8 35,30
32,41 97,79
2,35 80,58
25,18 89,67
84,25 23,77
23,27 66,29
97,24 90,74
90,24 99,21
43,50 97,95
44,20 76,16
25,18 4,62
3,23 74,23
87,62 13,33
66,42 84,31
70,24 73,47
98,94 43,83
4,37 11,17
43,61 82,60
100,0 28,63
89,47 39,37
46,58 80,16
56,4 80,70
96,38 80,63
73,28 64,83
15,0 63,29
93,16 0,89
64,27 28,36
71,27 81,99
93,43 14,99
64,42 44,26
57,5 23,12
44,29 57,86
16,49 44,81
6,95 30,34
100,21 61,48
19,55 57,89
12,7 51,83
56,36 75,66
78,21 77,26
57,36 24,67
37,56 94,91
97,30 73,83
53,17 62,34
82,36 61,34
80,16 85,46
58,60 22,93
93,27 43,87
3,32 11,3
62,97 90,98
82,85 43,9
67,83 32,45
53,60 29,16
62,91 21,15
11,100 98,48
45,54 2,83
6,47 94,59
69,67 68,17
21,67 44,41
10,66 94,87
83,52 31,0
26,38 90,10
30,81 31,100
56,69 78,38
71,26 64,20
83,83 55,23
79,1 50,31
16,8 62,17
21,27 17,89
13,29 39,4
90,33 81,51
4,52 54,0
42,50 6,46
38,76 2,53
17,48 37,59
35,18 6,17
96,0 16,72
23,9 78,69
58,90 23,33
86,42 60,41
50,54 53,3
83,41 63,35
50,35 61,8
72,97 89,44
25,32 81,78
52,86 11,32
75,20 46,14
3,74 81,7
14,14 51,89
68,67 38,72
95,46 84,57
43,0 81,40
100,14 60,12
77,91 32,23
16,57 12,11
60,16 88,42
16,31 90,77
98,51 86,76
22,9 93,71
72,75 14,72
52,85 94,78
42,49 81,31
64,15 45,27
73,48 44,91
69,97 33,28
6,11 29,32
4,39 60,40
10,21 93,15
33,66 35,48
97,6 51,46
5,47 94,25
88,23 24,39
7,98 61,51
81,66 84,97
82,92 56,42
99,76 35,19
61,95 50,71
83,35 53,93
90,17 87,4
52,78 78,100
46,44 44,71
1,88 87,46
78,40 1,49
93,81 12,29
10,33 61,99
56,78 7,63
79,59 62,77
23,29 67,36
0,99 24,7
68,21 36,57
17,20 71,93
11,85 41,45
8,52 17,3
84,41 6,97
55,9 81,78
64,84 4,37
77,72 79,41
55,0 82,46
49,59 91,26
32,39 85,98
73,68 16,59
78,73 79,82
4,76 99,71
43,33 6,30
6,78 22,50
72,14 75,12
11,1 84,47
63,14 64,58
38,22 9,7
74,73 15,60
44,59 84,83
18,29 13,87
99,59 85,47
53,18 54,0
83,58 62,32
92,16 28,54
92,21 89,89
81,50 5,89
66,97 49,98
76,69 97,54
30,47 21,34
45,84 85,80
81,66 81,25
85,18 11,50
2,22 72,2
74,97 7,43
93,5 57,49
34,33 15,53
83,70 1,13
65,40 71,59
46,10 42,30
38,64 30,8
10,19 82,66
61,41 13,48
97,38 94,28
85,54 5,30
42,11 34,7
86,23 88,23
67,0 1,36
54,67 28,90
63,39 36,0
99,35 97,13
35,40 65,39
76,48 52,98
50,18 18,36
34,48 65,82
77,70 18,99
31,17 42,92
97,84 68,58
36,59 73,0
50,47 97,16
90,25 17,18
49,71 52,10
34,25 55,22
21,11 1,0
29,88 61,86
78,47 73,13
48,74 93,19
74,34 93,79
25,38 98,2
50,70 100,86
36,24 28,91
88,11 78,23
54,57 64,8
74,97 75,54
65,79 0,91
67,62 92,8
58,15 1,96
7,92 62,63
76,46 43,3
17,70 38,18
24,65 84,19
31,70 49,43
26,42 5,30
44,24 27,76
92,11 47,22
62,100 70,44
84,36 53,29
21,90 54,13
85,100 94,76
9,48 90,97
33,37 39,23
48,13 24,99
47,68 87,73
70,6 78,23
85,61 10,18
2,37 56,25
82,81 14,86
28,16 33,8
64,35 35,37
13,16 99,40
40,78 69,15
11,82 13,14
5,4 74,26
9,65 32,16
20,36 13,89
5,65 86,57
63,37 99,56
12,38 70,16
11,20 2,20
45,9 35,98
54,53 100,79
54,65 39,85
24,10 36,40
3,61 46,0
75,19 41,55
9,94 22,0
51,81 84,98
1,55 9,18
22,43 63,95
77,37 64,19
86,50 74,33
50,11 60,16
67,43 58,62
38,60 58,13
97,58 85,54
50,12 20,85
9,100 73,65
8,62 31,21
25,15 92,64
27,87 24,66
100,43 37,29
51,68 7,8
74,85 11,55
54,91 99,18
27,37 2,20
9,63 64,82
92,75 45,16
59,34 35,50
59,42 71,6
48,31 54,4
84,64 25,19
76,30 59,14
39,90 90,59
17,11 13,63
60,100 81,54
96,3 75,65
20,22 86,16
60,61 1,34
0,79 72,5
53,82 75,12
8,30 31,6
53,32 42,14
74,95 4,87
100,5 96,0
2,43 100,21
73,0 1,47
24,58 33,83
19,31 26,60
74,59 11,47
21,51 29,16
82,29 55,93
57,26 47,89
88,49 65,14
29,30 76,65
85,35 69,45
31,67 11,20
93,31 77,73
61,90 21,10
77,11 93,10
39,80 77,12
13,14 18,37
53,29 5,94
32,72 3,52
15,82 95,1
23,87 32,65
88,52 10,3
67,59 5,39
40,35 18,80
21,64 31,28
85,89 53,95
68,91 3,83
25,58 61,53
57,77 57,76
48,22 46,44
70,35 61,59
75,92 45,98
44,47 63,75
84,65 85,60
81,91 44,27
72,68 5,37
71,24 4,19
51,14 58,53
31,9 29,8
1,17 63,77
59,21 63,70
49,29 19,27
69,53 10,56
9,14 42,76
60,24 17,38
49,3 95,51
64,27 36,41
68,57 69,30
59,30 73,13
13,50 0,74
26,21 28,22
9,97 85,40
94,62 7,100
30,11 15,70
71,40 90,10
64,30 7,95
96,19 54,6
88,93 99,42
88,83 59,30
28,22 63,65
59,85 40,41
59,36 11,50
87,13 66,8
5,12 99,64
69,7 96,10
100,44 4,77
73,65 86,68
97,13 37,18
52,37 38,40
34,46 80,45
86,6 91,32
41,88 68,99
79,6 49,91
84,85 39,18
91,56 77,100
63,87 89,5
22,61 31,58
100,69 55,66
49,77 75,59
19,95 35,95
61,22 52,73
18,60 72,60
21,13 45,95
30,98 94,87
28,77 73,77
56,15 62,31
74,37 95,62
45,94 54,13
97,22 87,73
91,43 87,51
58,55 9,99
73,64 12,39
11,7 24,69
16,94 66,84
97,80 68,95
35,15 8,40
95,53 48,92
50,98 24,23
37,48 54,2
31,100 54,3
75,18 25,14
29,16 36,79
41,18 27,42
62,35 96,68
99,81 55,6
50,1 6,29
74,67 27,67
20,5 4,12
83,89 89,18
87,56 19,8
57,26 95,36
44,77 5,98
21,56 50,81
4,83 20,40
72,45 72,47
50,6 63,17
94,95 60,98
1,3 64,18
61,48 37,78
69,43 55,50
70,44 99,58
23,34 12,96
24,53 87,41
30,7 30,54
16,67 82,42
56,63 5,40
95,8 58,67
100,45 37,99
3,53 7,83
84,81 43,33
32,97 40,51
83,98 47,38
61,99 20,64
46,25 19,76
21,62 99,3
0,75 11,14
89,77 10,74
86,30 13,84
37,32 97,71
25,72 26,92
40,15 0,8
68,43 38,27
79,97 76,78
82,20 9,97
17,1 9,89
12,46 53,95
53,47 84,19
86,56 8,40
67,6 49,2
77,62 76,5
56,84 79,69
86,58 81,100
75,41 37,29
36,9 24,7
15,52 5,90
89,79 66,62
67,100 11,87
17,9 84,78
28,31 19,52
15,75 97,66
100,49 21,88
76,30 15,92
48,45 20,90
51,71 8,51
19,58 88,25
81,25 25,57
20,46 10,59
82,94 78,7
84,72 28,57
44,19 98,98
13,41 51,52
18,22 56,40
58,87 99,73
84,29 74,92
91,97 55,59
92,89 98,48
34,27 36,17
31,64 25,68
86,3 37,14
55,59 54,75
72,52 42,75
37,88 66,97
100,26 32,44
7,30 11,62
35,22 13,94
41,6 10,29
7,45 31,14
19,42 86,36
25,80 63,45
91,83 27,78
28,75 96,41
64,23 88,66
20,9 37,95
45,46 64,81
75,57 45,5
10,10 76,85
62,78 84,51
84,16 73,45
53,83 89,16
45,88 66,95
78,83 30,71
15,49 9,16
8,24 16,3
55,23 90,23
41,54 72,35
86,7 77,76
49,79 4,38
96,3 93,84
30,96 53,33
61,14 32,61
76,35 19,80
5,94 49,38
96,20 61,25
90,0 62,68
48,56 72,2
94,30 20,60
93,5 0,20
33,68 73,69
97,17 49,41
80,43 71,90
89,21 63,85
70,0 42,81
39,32 41,55
11,33 99,8
17,75 0,14
23,99 75,19
39,86 15,80
45,94 78,27
61,3 51,73
20,66 99,30
25,94 45,83
32,36 57,40
43,44 53,50
12,15 78,38
59,86 31,63
98,16 2,8
36,59 73,6
20,77 29,8
53,71 49,65
13,90 59,1
75,89 59,38
99,15 4,99
0,77 87,35
3,27 49,25
10,44 41,66
90,67 9,66
99,70 29,26
35,20 17,85
98,77 17,99
89,85 13,33
34,52 47,25
97,54 93,38
85,40 61,48
24,32 28,73
4,52 56,65
60,3 45,94
66,70 96,37
19,35 83,64
89,51 44,15
91,17 47,10
4,94 73,58
89,27 84,15
40,74 7,20
52,16 66,39
14,7 85,10
90,47 78,8
9,82 30,61
93,86 13,34
5,98 82,85
92,91 99,58
96,37 51,24
47,81 63,11
84,1 22,100
5,69 96,15
38,1 58,4
74,24 26,69
46,12 59,74
45,68 65,34
63,33 89,66
5,87 69,55
77,66 47,44
69,36 41,97
31,77 8,92
39,83 96,70
29,76 83,27
83,73 54,94
89,34 86,12
34,61 14,100
89,9 74,25
61,59 49,19
50,79 16,81
74,76 54,47
72,1 24,80
63,77 21,100
34,66 26,91
82,34 13,73
80,33 38,88
16,55 64,75
31,9 45,39
42,58 29,69
73,76 21,17
75,24 60,95
95,22 80,18
50,98 64,6
23,42 56,3
94,25 53,73
54,100 27,85
96,35 9,14
96,29 16,36
42,23 0,90
40,72 62,0
47,18 45,43
82,38 86,64
29,34 44,2
44,95 73,59
72,59 16,62
52,90 53,67
13,33 21,14
89,2 100,79
52,62 22,54
100,6 34,6
10,97 74,97
42,79 51,16
8,42 76,50
46,10 80,21
30,9 91,90
67,57 71,36
54,51 57,56
61,54 19,53
77,7 62,24
74,55 82,69
54,19 29,58
56,17 100,20
60,43 99,35
9,5 67,98
59,92 18,95
100,29 80,95
72,48 76,65
28,95 25,34
61,28 92,100
69,26 34,8
80,36 99,36
4,51 7,9
33,42 27,27
30,12 49,96
41,73 99,34
21,28 35,100
11,81 81,55
68,34 27,99
6,27 97,70
82,64 15,72
49,42 79,63
82,59 61,55
46,28 61,91
74,38 22,90
63,69 57,86
70,46 65,29
84,86 88,66
68,65 15,2
98,67 26,37
45,58 61,66
31,67 4,85
58,97 26,57
44,79 61,22
5,88 5,99
73,81 4,48
76,0 99,73
77,58 92,68
94,51 37,58
97,36 8,89
84,25 8,9
9,47 30,40
77,44 7,56
73,16 34,49
45,80 3,36
39,89 62,98
13,43 49,15
53,48 47,10
7,24 6,70
31,26 18,15
53,19 24,27
73,85 1,87
25,25 85,38
25,88 9,100
84,49 74,7
39,7 44,48
58,79 57,3
69,61 87,71
6,1 8,68
91,80 23,85
80,61 17,0
0,93 45,85
18,56 13,13
90,72 31,84
87,25 37,74
75,1 54,42
63,56 70,12
98,28 82,43
74,8 27,5
85,15 32,63
97,95 69,35
69,57 2,66
31,32 3,59
31,81 49,59
53,43 60,59
21,94 10,66
62,70 56,64
23,81 58,55
2,55 35,99
13,36 76,71
95,32 57,45
72,21 30,83
12,36 21,24
69,98 65,1
36,91 29,94
6,58 93,67
69,59 15,5
69,36 25,90
84,53 4,73
98,64 32,10
81,41 3,26
75,70 48,74
89,21 78,41
54,3 71,1
24,47 39,98
73,95 1,30
68,14 81,16
